[F1] Source:	?CANreal Clip
[--]     Num	Trig	     Abs	Msec	            Rel	Desc	     IdDec	     IdHex	Attr	Len	d1	d2	d3	d4	d5	d6	d7	d8	Text    	
           1	    	18:07:07	762.880	     292461.240		      1537	       601	      	  8	23	7A	60	00	D0	07	00	00	#z`_Ð___	
           2	    	18:07:07	763.294	          0.414		      1409	       581	      	  8	60	7A	60	00	00	00	00	00	`z`_____	
           3	    	18:07:12	938.658	       5175.364		       513	       201	      	  2	4F	00	  	  	  	  	  	  	O_      	
           4	    	18:07:12	939.506	          0.848		       385	       181	      	  2	37	86	  	  	  	  	  	  	7†      	
           5	    	18:07:12	939.654	          0.148		       641	       281	      	  3	37	86	01	  	  	  	  	  	7†_     	
           6	    	18:07:13	442.386	        502.732		       513	       201	      	  2	5F	00	  	  	  	  	  	  	__      	
           7	    	18:07:13	443.890	          1.504		       385	       181	      	  2	37	92	  	  	  	  	  	  	7’      	
           8	    	18:07:13	444.040	          0.150		       641	       281	      	  3	37	92	01	  	  	  	  	  	7’_     	
           9	    	18:07:13	962.702	        518.662		       513	       201	      	  2	4F	00	  	  	  	  	  	  	O_      	
          10	    	18:07:14	395.264	        432.562		       513	       201	      	  2	5F	00	  	  	  	  	  	  	__      	
          11	    	18:07:17	445.977	       3050.713		       385	       181	      	  2	37	96	  	  	  	  	  	  	7–      	
          12	    	18:07:17	446.126	          0.149		       641	       281	      	  3	37	96	01	  	  	  	  	  	7–_     	
          13	    	18:07:44	026.691	      26580.565		       513	       201	      	  2	4F	00	  	  	  	  	  	  	O_      	
          14	    	18:07:44	027.686	          0.995		       385	       181	      	  2	37	86	  	  	  	  	  	  	7†      	
          15	    	18:07:44	027.834	          0.148		       641	       281	      	  3	37	86	01	  	  	  	  	  	7†_     	
          16	    	18:07:44	443.246	        415.412		       513	       201	      	  2	5F	00	  	  	  	  	  	  	__      	
          17	    	18:07:44	444.938	          1.692		       385	       181	      	  2	37	92	  	  	  	  	  	  	7’      	
          18	    	18:07:44	445.088	          0.150		       641	       281	      	  3	37	92	01	  	  	  	  	  	7’_     	
          19	    	18:07:44	938.148	        493.060		       513	       201	      	  2	4F	00	  	  	  	  	  	  	O_      	
          20	    	18:07:45	570.282	        632.134		       513	       201	      	  2	5F	00	  	  	  	  	  	  	__      	
          21	    	18:07:47	722.952	       2152.670		       513	       201	      	  2	4F	00	  	  	  	  	  	  	O_      	
          22	    	18:07:48	098.620	        375.668		       513	       201	      	  2	5F	00	  	  	  	  	  	  	__      	
          23	    	18:07:48	446.807	        348.187		       385	       181	      	  2	37	96	  	  	  	  	  	  	7–      	
          24	    	18:07:48	446.955	          0.148		       641	       281	      	  3	37	96	01	  	  	  	  	  	7–_     	
          25	    	18:07:50	193.975	       1747.020		       513	       201	      	  2	4F	00	  	  	  	  	  	  	O_      	
          26	    	18:07:50	194.917	          0.942		       385	       181	      	  2	37	86	  	  	  	  	  	  	7†      	
          27	    	18:07:50	195.079	          0.162		       641	       281	      	  3	37	86	01	  	  	  	  	  	7†_     	
          28	    	18:07:50	603.013	        407.934		       513	       201	      	  2	5F	00	  	  	  	  	  	  	__      	
          29	    	18:07:50	605.025	          2.012		       385	       181	      	  2	37	92	  	  	  	  	  	  	7’      	
          30	    	18:07:50	605.175	          0.150		       641	       281	      	  3	37	92	01	  	  	  	  	  	7’_     	
          31	    	18:07:51	114.401	        509.226		       513	       201	      	  2	4F	00	  	  	  	  	  	  	O_      	
          32	    	18:07:51	546.159	        431.758		       513	       201	      	  2	5F	00	  	  	  	  	  	  	__      	
          33	    	18:07:52	810.708	       1264.549		       513	       201	      	  2	4F	00	  	  	  	  	  	  	O_      	
          34	    	18:07:53	203.099	        392.391		       513	       201	      	  2	5F	00	  	  	  	  	  	  	__      	
          35	    	18:07:54	606.831	       1403.732		       385	       181	      	  2	37	96	  	  	  	  	  	  	7–      	
          36	    	18:07:54	606.977	          0.146		       641	       281	      	  3	37	96	01	  	  	  	  	  	7–_     	
          37	    	18:08:19	474.185	      24867.208		      1537	       601	      	  8	23	7A	60	00	A0	0F	00	00	#z`_ ___	
          38	    	18:08:19	474.979	          0.794		      1409	       581	      	  8	60	7A	60	00	00	00	00	00	`z`_____	
          39	    	18:08:21	322.501	       1847.522		       513	       201	      	  2	4F	00	  	  	  	  	  	  	O_      	
          40	    	18:08:21	323.151	          0.650		       385	       181	      	  2	37	86	  	  	  	  	  	  	7†      	
          41	    	18:08:21	323.299	          0.148		       641	       281	      	  3	37	86	01	  	  	  	  	  	7†_     	
          42	    	18:08:21	762.503	        439.204		       513	       201	      	  2	5F	00	  	  	  	  	  	  	__      	
          43	    	18:08:21	764.051	          1.548		       385	       181	      	  2	37	92	  	  	  	  	  	  	7’      	
          44	    	18:08:21	764.202	          0.151		       641	       281	      	  3	37	92	01	  	  	  	  	  	7’_     	
          45	    	18:08:22	259.313	        495.111		       513	       201	      	  2	4F	00	  	  	  	  	  	  	O_      	
          46	    	18:08:22	659.374	        400.061		       513	       201	      	  2	5F	00	  	  	  	  	  	  	__      	
          47	    	18:08:23	083.157	        423.783		       513	       201	      	  2	4F	00	  	  	  	  	  	  	O_      	
          48	    	18:08:23	539.980	        456.823		       513	       201	      	  2	5F	00	  	  	  	  	  	  	__      	
          49	    	18:08:23	978.608	        438.628		       513	       201	      	  2	4F	00	  	  	  	  	  	  	O_      	
          50	    	18:08:24	362.285	        383.677		       513	       201	      	  2	5F	00	  	  	  	  	  	  	__      	
          51	    	18:08:24	778.638	        416.353		       513	       201	      	  2	4F	00	  	  	  	  	  	  	O_      	
          52	    	18:08:25	196.112	        417.474		       513	       201	      	  2	5F	00	  	  	  	  	  	  	__      	
          53	    	18:08:29	765.936	       4569.824		       385	       181	      	  2	37	96	  	  	  	  	  	  	7–      	
          54	    	18:08:29	766.085	          0.149		       641	       281	      	  3	37	96	01	  	  	  	  	  	7–_     	
          55	    	18:09:13	635.709	      43869.624		       513	       201	      	  2	4F	00	  	  	  	  	  	  	O_      	
          56	    	18:09:13	636.309	          0.600		       385	       181	      	  2	37	86	  	  	  	  	  	  	7†      	
          57	    	18:09:13	636.457	          0.148		       641	       281	      	  3	37	86	01	  	  	  	  	  	7†_     	
          58	    	18:09:14	027.349	        390.892		       513	       201	      	  2	5F	00	  	  	  	  	  	  	__      	
          59	    	18:09:14	028.999	          1.650		       385	       181	      	  2	37	92	  	  	  	  	  	  	7’      	
          60	    	18:09:14	029.156	          0.157		       641	       281	      	  3	37	92	01	  	  	  	  	  	7’_     	
          61	    	18:09:15	210.731	       1181.575		       513	       201	      	  2	00	10	  	  	  	  	  	  	__      	
          62	    	18:09:15	211.615	          0.884		       385	       181	      	  2	37	93	  	  	  	  	  	  	7“      	
          63	    	18:09:15	211.763	          0.148		       641	       281	      	  3	37	93	01	  	  	  	  	  	7“_     	
          64	    	18:09:15	240.695	         28.932		       385	       181	      	  2	70	12	  	  	  	  	  	  	p_      	
          65	    	18:09:15	240.848	          0.153		       641	       281	      	  3	70	12	01	  	  	  	  	  	p__     	
          66	    	18:09:18	059.572	       2818.724		       513	       201	      	  2	4F	00	  	  	  	  	  	  	O_      	
          67	    	18:09:18	659.414	        599.842		       513	       201	      	  2	5F	00	  	  	  	  	  	  	__      	
          68	    	18:09:27	570.810	       8911.396		         0	       000	      	  4	81	01	00	00	  	  	  	  	___    	
          69	    	18:09:27	803.582	        232.772		      1793	       701	      	  1	00	  	  	  	  	  	  	  	_       	
          70	    	18:09:28	076.718	        273.136		         0	       000	      	  4	01	01	00	00	  	  	  	  	____    	
          71	    	18:09:28	077.334	          0.616		       385	       181	      	  2	50	02	  	  	  	  	  	  	P_      	
          72	    	18:09:28	077.490	          0.156		       641	       281	      	  3	50	02	00	  	  	  	  	  	P__     	
          73	    	18:09:28	579.412	        501.922		       513	       201	      	  4	06	00	00	00	  	  	  	  	____    	
          74	    	18:09:28	579.896	          0.484		       385	       181	      	  2	50	03	  	  	  	  	  	  	P_      	
          75	    	18:09:28	580.057	          0.161		       641	       281	      	  3	50	03	00	  	  	  	  	  	P__     	
          76	    	18:09:28	609.999	         29.942		       385	       181	      	  2	31	02	  	  	  	  	  	  	1_      	
          77	    	18:09:28	610.149	          0.150		       641	       281	      	  3	31	02	00	  	  	  	  	  	1__     	
          78	    	18:09:29	090.689	        480.540		       513	       201	      	  4	07	00	00	00	  	  	  	  	____    	
          79	    	18:09:29	091.137	          0.448		       385	       181	      	  2	31	03	  	  	  	  	  	  	1_      	
          80	    	18:09:29	091.293	          0.156		       641	       281	      	  3	31	03	00	  	  	  	  	  	1__     	
          81	    	18:09:29	121.001	         29.708		       385	       181	      	  2	33	02	  	  	  	  	  	  	3_      	
          82	    	18:09:29	121.151	          0.150		       641	       281	      	  3	33	02	00	  	  	  	  	  	3__     	
          83	    	18:09:29	795.219	        674.068		      1537	       601	      	  8	23	7A	60	00	D0	07	00	00	#z`_Ð___	
          84	    	18:09:29	795.847	          0.628		      1409	       581	      	  8	60	7A	60	00	00	00	00	00	`z`_____	
          85	    	18:09:30	355.877	        560.030		      1537	       601	      	  8	23	7A	60	00	A0	0F	00	00	#z`_ ___	
          86	    	18:09:30	356.436	          0.559		      1409	       581	      	  8	60	7A	60	00	00	00	00	00	`z`_____	
          87	    	18:09:31	298.901	        942.465		      1537	       601	      	  8	23	7A	60	00	D0	07	00	00	#z`_Ð___	
          88	    	18:09:31	299.248	          0.347		      1409	       581	      	  8	60	7A	60	00	00	00	00	00	`z`_____	
          89	    	18:09:32	707.632	       1408.384		      1537	       601	      	  8	23	81	60	00	00	80	00	00	#`__€__	
          90	    	18:09:32	708.212	          0.580		      1409	       581	      	  8	60	81	60	00	00	00	00	00	``_____	
          91	    	18:09:33	379.555	        671.343		      1537	       601	      	  5	2F	60	60	00	01	  	  	  	/``__   	
          92	    	18:09:33	380.150	          0.595		      1409	       581	      	  8	60	60	60	00	00	00	00	00	```_____	
          93	    	18:09:34	178.892	        798.742		       513	       201	      	  2	4F	00	  	  	  	  	  	  	O_      	
          94	    	18:09:34	179.620	          0.728		       385	       181	      	  2	33	03	  	  	  	  	  	  	3_      	
          95	    	18:09:34	179.772	          0.152		       641	       281	      	  3	33	03	01	  	  	  	  	  	3__     	
          96	    	18:09:36	290.134	       2110.362		       385	       181	      	  2	33	92	  	  	  	  	  	  	3’      	
          97	    	18:09:36	290.282	          0.148		       641	       281	      	  3	33	92	01	  	  	  	  	  	3’_     	
          98	    	18:09:36	320.020	         29.738		       385	       181	      	  2	37	86	  	  	  	  	  	  	7†      	
          99	    	18:09:36	320.168	          0.148		       641	       281	      	  3	37	86	01	  	  	  	  	  	7†_     	
         100	    	18:09:36	994.882	        674.714		       513	       201	      	  2	5F	00	  	  	  	  	  	  	__      	
         101	    	18:09:36	996.240	          1.358		       385	       181	      	  2	37	92	  	  	  	  	  	  	7’      	
         102	    	18:09:36	996.391	          0.151		       641	       281	      	  3	37	92	01	  	  	  	  	  	7’_     	
         103	    	18:09:40	998.260	       4001.869		       385	       181	      	  2	37	96	  	  	  	  	  	  	7–      	
         104	    	18:09:40	998.408	          0.148		       641	       281	      	  3	37	96	01	  	  	  	  	  	7–_     	
         105	    	18:11:09	090.992	      88092.584		       513	       201	      	  2	4F	00	  	  	  	  	  	  	O_      	
         106	    	18:11:09	092.020	          1.028		       385	       181	      	  2	37	86	  	  	  	  	  	  	7†      	
         107	    	18:11:09	092.172	          0.152		       641	       281	      	  3	37	86	01	  	  	  	  	  	7†_     	
         108	    	18:11:09	691.762	        599.590		       513	       201	      	  2	5F	00	  	  	  	  	  	  	__      	
         109	    	18:11:09	693.431	          1.669		       385	       181	      	  2	37	92	  	  	  	  	  	  	7’      	
         110	    	18:11:09	693.581	          0.150		       641	       281	      	  3	37	92	01	  	  	  	  	  	7’_     	
         111	    	18:11:12	475.399	       2781.818		      1537	       601	      	  8	23	7A	60	00	A0	0F	00	00	#z`_ ___	
         112	    	18:11:12	476.337	          0.938		      1409	       581	      	  8	60	7A	60	00	00	00	00	00	`z`_____	
         113	    	18:11:13	695.222	       1218.885		       385	       181	      	  2	37	96	  	  	  	  	  	  	7–      	
         114	    	18:11:13	695.370	          0.148		       641	       281	      	  3	37	96	01	  	  	  	  	  	7–_     	
         115	    	18:11:16	974.081	       3278.711		      1793	       701	      	  1	00	  	  	  	  	  	  	  	_       	
         116	    	18:11:19	654.069	       2679.988		         0	       000	      	  4	01	01	00	00	  	  	  	  	____    	
         117	    	18:11:19	654.813	          0.744		       385	       181	      	  2	50	02	  	  	  	  	  	  	P_      	
         118	    	18:11:19	654.962	          0.149		       641	       281	      	  3	50	02	00	  	  	  	  	  	P__     	
         119	    	18:11:20	179.390	        524.428		       513	       201	      	  4	06	00	00	00	  	  	  	  	____    	
         120	    	18:11:20	180.018	          0.628		       385	       181	      	  2	50	03	  	  	  	  	  	  	P_      	
         121	    	18:11:20	180.170	          0.152		       641	       281	      	  3	50	03	00	  	  	  	  	  	P__     	
         122	    	18:11:20	209.430	         29.260		       385	       181	      	  2	31	02	  	  	  	  	  	  	1_      	
         123	    	18:11:20	209.580	          0.150		       641	       281	      	  3	31	02	00	  	  	  	  	  	1__     	
         124	    	18:11:20	763.195	        553.615		       513	       201	      	  4	07	00	00	00	  	  	  	  	____    	
         125	    	18:11:20	763.724	          0.529		       385	       181	      	  2	31	03	  	  	  	  	  	  	1_      	
         126	    	18:11:20	763.880	          0.156		       641	       281	      	  3	31	03	00	  	  	  	  	  	1__     	
         127	    	18:11:20	793.520	         29.640		       385	       181	      	  2	33	02	  	  	  	  	  	  	3_      	
         128	    	18:11:20	793.671	          0.151		       641	       281	      	  3	33	02	00	  	  	  	  	  	3__     	
         129	    	18:11:21	306.854	        513.183		      1537	       601	      	  8	23	7A	60	00	D0	07	00	00	#z`_Ð___	
         130	    	18:11:21	307.449	          0.595		      1409	       581	      	  8	60	7A	60	00	00	00	00	00	`z`_____	
         131	    	18:11:22	067.771	        760.322		      1537	       601	      	  8	23	7A	60	00	A0	0F	00	00	#z`_ ___	
         132	    	18:11:22	068.433	          0.662		      1409	       581	      	  8	60	7A	60	00	00	00	00	00	`z`_____	
         133	    	18:11:22	786.845	        718.412		      1537	       601	      	  8	23	81	60	00	00	80	00	00	#`__€__	
         134	    	18:11:22	787.527	          0.682		      1409	       581	      	  8	60	81	60	00	00	00	00	00	``_____	
         135	    	18:11:23	963.229	       1175.702		      1537	       601	      	  5	2F	60	60	00	01	  	  	  	/``__   	
         136	    	18:11:23	963.665	          0.436		      1409	       581	      	  8	60	60	60	00	00	00	00	00	```_____	
         137	    	18:11:27	035.743	       3072.078		       513	       201	      	  2	4F	00	  	  	  	  	  	  	O_      	
         138	    	18:11:27	036.591	          0.848		       385	       181	      	  2	33	03	  	  	  	  	  	  	3_      	
         139	    	18:11:27	036.743	          0.152		       641	       281	      	  3	33	03	01	  	  	  	  	  	3__     	
         140	    	18:11:29	152.655	       2115.912		       385	       181	      	  2	33	92	  	  	  	  	  	  	3’      	
         141	    	18:11:29	152.803	          0.148		       641	       281	      	  3	33	92	01	  	  	  	  	  	3’_     	
         142	    	18:11:29	182.561	         29.758		       385	       181	      	  2	37	86	  	  	  	  	  	  	7†      	
         143	    	18:11:29	182.719	          0.158		       641	       281	      	  3	37	86	01	  	  	  	  	  	7†_     	
         144	    	18:11:30	987.179	       1804.460		       513	       201	      	  2	5F	00	  	  	  	  	  	  	__      	
         145	    	18:11:30	988.839	          1.660		       385	       181	      	  2	37	92	  	  	  	  	  	  	7’      	
         146	    	18:11:30	988.987	          0.148		       641	       281	      	  3	37	92	01	  	  	  	  	  	7’_     	
         147	    	18:11:38	990.733	       8001.746		       385	       181	      	  2	37	96	  	  	  	  	  	  	7–      	
         148	    	18:11:38	990.875	          0.142		       641	       281	      	  3	37	96	01	  	  	  	  	  	7–_     	
         149	    	18:11:40	939.567	       1948.692		       513	       201	      	  2	4F	00	  	  	  	  	  	  	O_      	
         150	    	18:11:40	940.459	          0.892		       385	       181	      	  2	37	86	  	  	  	  	  	  	7†      	
         151	    	18:11:40	940.621	          0.162		       641	       281	      	  3	37	86	01	  	  	  	  	  	7†_     	
         152	    	18:11:41	635.775	        695.154		       513	       201	      	  2	5F	00	  	  	  	  	  	  	__      	
         153	    	18:11:41	636.753	          0.978		       385	       181	      	  2	37	92	  	  	  	  	  	  	7’      	
         154	    	18:11:41	636.903	          0.150		       641	       281	      	  3	37	92	01	  	  	  	  	  	7’_     	
         155	    	18:11:42	539.581	        902.678		       513	       201	      	  2	4F	00	  	  	  	  	  	  	O_      	
         156	    	18:11:43	139.755	        600.174		       513	       201	      	  2	5F	00	  	  	  	  	  	  	__      	
         157	    	18:11:46	035.937	       2896.182		       513	       201	      	  2	4F	00	  	  	  	  	  	  	O_      	
         158	    	18:11:46	627.959	        592.022		       513	       201	      	  2	5F	00	  	  	  	  	  	  	__      	
         159	    	18:11:49	638.552	       3010.593		       385	       181	      	  2	37	96	  	  	  	  	  	  	7–      	
         160	    	18:11:49	638.700	          0.148		       641	       281	      	  3	37	96	01	  	  	  	  	  	7–_     	
         161	    	18:11:51	402.950	       1764.250		       513	       201	      	  2	4F	00	  	  	  	  	  	  	O_      	
         162	    	18:11:51	403.844	          0.894		       385	       181	      	  2	37	86	  	  	  	  	  	  	7†      	
         163	    	18:11:51	403.992	          0.148		       641	       281	      	  3	37	86	01	  	  	  	  	  	7†_     	
         164	    	18:11:52	010.924	        606.932		       513	       201	      	  2	5F	00	  	  	  	  	  	  	__      	
         165	    	18:11:52	012.781	          1.857		       385	       181	      	  2	37	92	  	  	  	  	  	  	7’      	
         166	    	18:11:52	012.931	          0.150		       641	       281	      	  3	37	92	01	  	  	  	  	  	7’_     	
         167	    	18:11:53	435.457	       1422.526		       513	       201	      	  2	4F	00	  	  	  	  	  	  	O_      	
         168	    	18:11:53	795.022	        359.565		       513	       201	      	  2	5F	00	  	  	  	  	  	  	__      	
         169	    	18:11:54	499.343	        704.321		       513	       201	      	  2	7F	00	  	  	  	  	  	  	_      	
         170	    	18:11:57	027.249	       2527.906		       513	       201	      	  2	7F	00	  	  	  	  	  	  	_      	
         171	    	18:11:57	547.745	        520.496		       513	       201	      	  2	7F	00	  	  	  	  	  	  	_      	
         172	    	18:11:57	739.904	        192.159		       513	       201	      	  2	7F	00	  	  	  	  	  	  	_      	
         173	    	18:12:00	014.563	       2274.659		       385	       181	      	  2	37	96	  	  	  	  	  	  	7–      	
         174	    	18:12:00	014.711	          0.148		       641	       281	      	  3	37	96	01	  	  	  	  	  	7–_     	
         175	    	18:12:11	131.123	      11116.412		       513	       201	      	  2	4F	00	  	  	  	  	  	  	O_      	
         176	    	18:12:11	132.055	          0.932		       385	       181	      	  2	37	86	  	  	  	  	  	  	7†      	
         177	    	18:12:11	132.206	          0.151		       641	       281	      	  3	37	86	01	  	  	  	  	  	7†_     	
         178	    	18:12:11	690.827	        558.621		       513	       201	      	  2	5F	00	  	  	  	  	  	  	__      	
         179	    	18:12:11	691.778	          0.951		       385	       181	      	  2	37	92	  	  	  	  	  	  	7’      	
         180	    	18:12:11	691.940	          0.162		       641	       281	      	  3	37	92	01	  	  	  	  	  	7’_     	
         181	    	18:12:12	715.892	       1023.952		      1537	       601	      	  8	23	7A	60	00	D0	07	00	00	#z`_Ð___	
         182	    	18:12:12	716.672	          0.780		      1409	       581	      	  8	60	7A	60	00	00	00	00	00	`z`_____	
         183	    	18:12:13	483.388	        766.716		       513	       201	      	  2	7F	00	  	  	  	  	  	  	_      	
         184	    	18:12:13	643.740	        160.352		       513	       201	      	  2	7F	00	  	  	  	  	  	  	_      	
         185	    	18:12:13	794.914	        151.174		       513	       201	      	  2	7F	00	  	  	  	  	  	  	_      	
         186	    	18:12:13	938.514	        143.600		       513	       201	      	  2	7F	00	  	  	  	  	  	  	_      	
         187	    	18:12:14	083.546	        145.032		       513	       201	      	  2	7F	00	  	  	  	  	  	  	_      	
         188	    	18:12:14	211.000	        127.454		       513	       201	      	  2	7F	00	  	  	  	  	  	  	_      	
         189	    	18:12:14	339.328	        128.328		       513	       201	      	  2	7F	00	  	  	  	  	  	  	_      	
         190	    	18:12:14	475.098	        135.770		       513	       201	      	  2	7F	00	  	  	  	  	  	  	_      	
         191	    	18:12:14	619.075	        143.977		       513	       201	      	  2	7F	00	  	  	  	  	  	  	_      	
         192	    	18:12:14	754.743	        135.668		       513	       201	      	  2	7F	00	  	  	  	  	  	  	_      	
         193	    	18:12:14	907.299	        152.556		       513	       201	      	  2	7F	00	  	  	  	  	  	  	_      	
         194	    	18:12:19	693.859	       4786.560		       385	       181	      	  2	37	96	  	  	  	  	  	  	7–      	
         195	    	18:12:19	694.007	          0.148		       641	       281	      	  3	37	96	01	  	  	  	  	  	7–_     	
         196	    	18:12:37	155.671	      17461.664		       513	       201	      	  2	4F	00	  	  	  	  	  	  	O_      	
         197	    	18:12:37	156.399	          0.728		       385	       181	      	  2	37	86	  	  	  	  	  	  	7†      	
         198	    	18:12:37	156.547	          0.148		       641	       281	      	  3	37	86	01	  	  	  	  	  	7†_     	
         199	    	18:12:37	731.151	        574.604		       513	       201	      	  2	5F	00	  	  	  	  	  	  	__      	
         200	    	18:12:37	732.896	          1.745		       385	       181	      	  2	37	92	  	  	  	  	  	  	7’      	
         201	    	18:12:37	733.046	          0.150		       641	       281	      	  3	37	92	01	  	  	  	  	  	7’_     	
         202	    	18:12:41	734.687	       4001.641		       385	       181	      	  2	37	96	  	  	  	  	  	  	7–      	
         203	    	18:12:41	734.835	          0.148		       641	       281	      	  3	37	96	01	  	  	  	  	  	7–_     	
         204	    	18:12:43	731.457	       1996.622		      1537	       601	      	  8	23	7A	60	00	A0	0F	00	00	#z`_ ___	
         205	    	18:12:43	731.821	          0.364		      1409	       581	      	  8	60	7A	60	00	00	00	00	00	`z`_____	
         206	    	18:12:51	435.183	       7703.362		       513	       201	      	  2	4F	00	  	  	  	  	  	  	O_      	
         207	    	18:12:51	436.193	          1.010		       385	       181	      	  2	37	86	  	  	  	  	  	  	7†      	
         208	    	18:12:51	436.342	          0.149		       641	       281	      	  3	37	86	01	  	  	  	  	  	7†_     	
         209	    	18:12:51	908.057	        471.715		       513	       201	      	  2	5F	00	  	  	  	  	  	  	__      	
         210	    	18:12:51	909.814	          1.757		       385	       181	      	  2	37	92	  	  	  	  	  	  	7’      	
         211	    	18:12:51	909.964	          0.150		       641	       281	      	  3	37	92	01	  	  	  	  	  	7’_     	
         212	    	18:12:59	911.735	       8001.771		       385	       181	      	  2	37	96	  	  	  	  	  	  	7–      	
         213	    	18:12:59	911.883	          0.148		       641	       281	      	  3	37	96	01	  	  	  	  	  	7–_     	
         214	    	18:13:06	939.719	       7027.836		       513	       201	      	  2	4F	00	  	  	  	  	  	  	O_      	
         215	    	18:13:06	940.625	          0.906		       385	       181	      	  2	37	86	  	  	  	  	  	  	7†      	
         216	    	18:13:06	940.773	          0.148		       641	       281	      	  3	37	86	01	  	  	  	  	  	7†_     	
         217	    	18:13:07	531.413	        590.640		       513	       201	      	  2	5F	00	  	  	  	  	  	  	__      	
         218	    	18:13:07	532.827	          1.414		       385	       181	      	  2	37	92	  	  	  	  	  	  	7’      	
         219	    	18:13:07	532.977	          0.150		       641	       281	      	  3	37	92	01	  	  	  	  	  	7’_     	
         220	    	18:13:08	915.221	       1382.244		       513	       201	      	  2	6F	00	  	  	  	  	  	  	o_      	
         221	    	18:13:08	916.039	          0.818		       385	       181	      	  2	37	82	  	  	  	  	  	  	7‚      	
         222	    	18:13:08	916.193	          0.154		       641	       281	      	  3	37	82	01	  	  	  	  	  	7‚_     	
         223	    	18:13:09	715.440	        799.247		       513	       201	      	  2	7F	00	  	  	  	  	  	  	_      	
         224	    	18:13:09	716.896	          1.456		       385	       181	      	  2	37	92	  	  	  	  	  	  	7’      	
         225	    	18:13:09	717.046	          0.150		       641	       281	      	  3	37	92	01	  	  	  	  	  	7’_     	
         226	    	18:13:17	717.755	       8000.709		       385	       181	      	  2	37	96	  	  	  	  	  	  	7–      	
         227	    	18:13:17	717.903	          0.148		       641	       281	      	  3	37	96	01	  	  	  	  	  	7–_     	
         228	    	18:13:21	875.693	       4157.790		         0	       000	      	  4	01	01	00	00	  	  	  	  	____    	
         229	    	18:13:22	284.667	        408.974		       513	       201	      	  4	06	00	00	00	  	  	  	  	____    	
         230	    	18:13:22	285.531	          0.864		       385	       181	      	  2	37	97	  	  	  	  	  	  	7—      	
         231	    	18:13:22	285.679	          0.148		       641	       281	      	  3	37	97	01	  	  	  	  	  	7—_     	
         232	    	18:13:22	315.521	         29.842		       385	       181	      	  2	31	06	  	  	  	  	  	  	1_      	
         233	    	18:13:22	315.673	          0.152		       641	       281	      	  3	31	06	01	  	  	  	  	  	1__     	
         234	    	18:13:22	675.859	        360.186		       513	       201	      	  4	07	00	00	00	  	  	  	  	____    	
         235	    	18:13:22	676.259	          0.400		       385	       181	      	  2	31	07	  	  	  	  	  	  	1_      	
         236	    	18:13:22	676.411	          0.152		       641	       281	      	  3	31	07	01	  	  	  	  	  	1__     	
         237	    	18:13:22	705.437	         29.026		       385	       181	      	  2	33	06	  	  	  	  	  	  	3_      	
         238	    	18:13:22	705.600	          0.163		       641	       281	      	  3	33	06	01	  	  	  	  	  	3__     	
         239	    	18:13:23	956.193	       1250.593		         0	       000	      	  4	81	01	00	00	  	  	  	  	___    	
         240	    	18:13:24	188.166	        231.973		      1793	       701	      	  1	00	  	  	  	  	  	  	  	_       	
         241	    	18:13:24	403.068	        214.902		         0	       000	      	  4	01	01	00	00	  	  	  	  	____    	
         242	    	18:13:24	403.629	          0.561		       385	       181	      	  2	50	02	  	  	  	  	  	  	P_      	
         243	    	18:13:24	403.785	          0.156		       641	       281	      	  3	50	02	00	  	  	  	  	  	P__     	
         244	    	18:13:25	115.475	        711.690		       513	       201	      	  4	06	00	00	00	  	  	  	  	____    	
         245	    	18:13:25	116.003	          0.528		       385	       181	      	  2	50	03	  	  	  	  	  	  	P_      	
         246	    	18:13:25	116.155	          0.152		       641	       281	      	  3	50	03	00	  	  	  	  	  	P__     	
         247	    	18:13:25	145.585	         29.430		       385	       181	      	  2	31	02	  	  	  	  	  	  	1_      	
         248	    	18:13:25	145.735	          0.150		       641	       281	      	  3	31	02	00	  	  	  	  	  	1__     	
         249	    	18:13:25	540.115	        394.380		       513	       201	      	  4	07	00	00	00	  	  	  	  	____    	
         250	    	18:13:25	540.722	          0.607		       385	       181	      	  2	31	03	  	  	  	  	  	  	1_      	
         251	    	18:13:25	540.871	          0.149		       641	       281	      	  3	31	03	00	  	  	  	  	  	1__     	
         252	    	18:13:25	570.319	         29.448		       385	       181	      	  2	33	02	  	  	  	  	  	  	3_      	
         253	    	18:13:25	570.481	          0.162		       641	       281	      	  3	33	02	00	  	  	  	  	  	3__     	
         254	    	18:13:26	012.133	        441.652		      1537	       601	      	  8	23	7A	60	00	D0	07	00	00	#z`_Ð___	
         255	    	18:13:26	012.723	          0.590		      1409	       581	      	  8	60	7A	60	00	00	00	00	00	`z`_____	
         256	    	18:13:26	563.763	        551.040		      1537	       601	      	  8	23	7A	60	00	A0	0F	00	00	#z`_ ___	
         257	    	18:13:26	564.200	          0.437		      1409	       581	      	  8	60	7A	60	00	00	00	00	00	`z`_____	
         258	    	18:13:27	100.074	        535.874		      1537	       601	      	  8	23	81	60	00	00	80	00	00	#`__€__	
         259	    	18:13:27	100.528	          0.454		      1409	       581	      	  8	60	81	60	00	00	00	00	00	``_____	
         260	    	18:13:27	955.920	        855.392		      1537	       601	      	  5	2F	60	60	00	01	  	  	  	/``__   	
         261	    	18:13:27	956.532	          0.612		      1409	       581	      	  8	60	60	60	00	00	00	00	00	```_____	
         262	    	18:13:29	307.570	       1351.038		       513	       201	      	  2	4F	00	  	  	  	  	  	  	O_      	
         263	    	18:13:29	308.105	          0.535		       385	       181	      	  2	33	03	  	  	  	  	  	  	3_      	
         264	    	18:13:29	308.252	          0.147		       641	       281	      	  3	33	03	01	  	  	  	  	  	3__     	
         265	    	18:13:31	418.718	       2110.466		       385	       181	      	  2	33	92	  	  	  	  	  	  	3’      	
         266	    	18:13:31	418.869	          0.151		       641	       281	      	  3	33	92	01	  	  	  	  	  	3’_     	
         267	    	18:13:31	448.614	         29.745		       385	       181	      	  2	37	86	  	  	  	  	  	  	7†      	
         268	    	18:13:31	448.762	          0.148		       641	       281	      	  3	37	86	01	  	  	  	  	  	7†_     	
         269	    	18:13:32	411.418	        962.656		       513	       201	      	  2	5F	00	  	  	  	  	  	  	__      	
         270	    	18:13:32	412.822	          1.404		       385	       181	      	  2	37	92	  	  	  	  	  	  	7’      	
         271	    	18:13:32	412.972	          0.150		       641	       281	      	  3	37	92	01	  	  	  	  	  	7’_     	
         272	    	18:13:40	414.841	       8001.869		       385	       181	      	  2	37	96	  	  	  	  	  	  	7–      	
         273	    	18:13:40	414.990	          0.149		       641	       281	      	  3	37	96	01	  	  	  	  	  	7–_     	
         274	    	18:13:46	725.235	       6310.245		       513	       201	      	  2	4F	00	  	  	  	  	  	  	O_      	
         275	    	18:13:46	725.948	          0.713		       385	       181	      	  2	37	86	  	  	  	  	  	  	7†      	
         276	    	18:13:46	726.096	          0.148		       641	       281	      	  3	37	86	01	  	  	  	  	  	7†_     	
         277	    	18:13:47	340.058	        613.962		       513	       201	      	  2	5F	00	  	  	  	  	  	  	__      	
         278	    	18:13:47	341.836	          1.778		       385	       181	      	  2	37	92	  	  	  	  	  	  	7’      	
         279	    	18:13:47	341.986	          0.150		       641	       281	      	  3	37	92	01	  	  	  	  	  	7’_     	
         280	    	18:13:48	619.940	       1277.954		       513	       201	      	  2	6F	00	  	  	  	  	  	  	o_      	
         281	    	18:13:48	620.948	          1.008		       385	       181	      	  2	37	82	  	  	  	  	  	  	7‚      	
         282	    	18:13:48	621.098	          0.150		       641	       281	      	  3	37	82	01	  	  	  	  	  	7‚_     	
         283	    	18:13:49	963.882	       1342.784		       513	       201	      	  2	7F	00	  	  	  	  	  	  	_      	
         284	    	18:13:49	965.850	          1.968		       385	       181	      	  2	37	92	  	  	  	  	  	  	7’      	
         285	    	18:13:49	966.000	          0.150		       641	       281	      	  3	37	92	01	  	  	  	  	  	7’_     	
         286	    	18:13:57	966.645	       8000.645		       385	       181	      	  2	37	96	  	  	  	  	  	  	7–      	
         287	    	18:13:57	966.804	          0.159		       641	       281	      	  3	37	96	01	  	  	  	  	  	7–_     	
         288	    	18:14:32	563.823	      34597.019		         0	       000	      	  4	81	01	00	00	  	  	  	  	___    	
         289	    	18:14:32	796.238	        232.415		      1793	       701	      	  1	00	  	  	  	  	  	  	  	_       	
         290	    	18:14:33	076.104	        279.866		         0	       000	      	  4	01	01	00	00	  	  	  	  	____    	
         291	    	18:14:33	076.792	          0.688		       385	       181	      	  2	50	02	  	  	  	  	  	  	P_      	
         292	    	18:14:33	076.948	          0.156		       641	       281	      	  3	50	02	00	  	  	  	  	  	P__     	
         293	    	18:14:33	620.000	        543.052		       513	       201	      	  4	06	00	00	00	  	  	  	  	____    	
         294	    	18:14:33	620.486	          0.486		       385	       181	      	  2	50	03	  	  	  	  	  	  	P_      	
         295	    	18:14:33	620.638	          0.152		       641	       281	      	  3	50	03	00	  	  	  	  	  	P__     	
         296	    	18:14:33	650.554	         29.916		       385	       181	      	  2	31	02	  	  	  	  	  	  	1_      	
         297	    	18:14:33	650.704	          0.150		       641	       281	      	  3	31	02	00	  	  	  	  	  	1__     	
         298	    	18:14:34	147.644	        496.940		       513	       201	      	  4	07	00	00	00	  	  	  	  	____    	
         299	    	18:14:34	148.156	          0.512		       385	       181	      	  2	31	03	  	  	  	  	  	  	1_      	
         300	    	18:14:34	148.313	          0.157		       641	       281	      	  3	31	03	00	  	  	  	  	  	1__     	
         301	    	18:14:34	177.475	         29.162		       385	       181	      	  2	33	02	  	  	  	  	  	  	3_      	
         302	    	18:14:34	177.635	          0.160		       641	       281	      	  3	33	02	00	  	  	  	  	  	3__     	
         303	    	18:14:34	779.645	        602.010		      1537	       601	      	  8	23	7A	60	00	D0	07	00	00	#z`_Ð___	
         304	    	18:14:34	780.179	          0.534		      1409	       581	      	  8	60	7A	60	00	00	00	00	00	`z`_____	
         305	    	18:14:35	396.083	        615.904		      1537	       601	      	  8	23	7A	60	00	A0	0F	00	00	#z`_ ___	
         306	    	18:14:35	396.517	          0.434		      1409	       581	      	  8	60	7A	60	00	00	00	00	00	`z`_____	
         307	    	18:14:36	004.779	        608.262		      1537	       601	      	  8	23	81	60	00	00	80	00	00	#`__€__	
         308	    	18:14:36	005.213	          0.434		      1409	       581	      	  8	60	81	60	00	00	00	00	00	``_____	
         309	    	18:14:36	891.991	        886.778		       513	       201	      	  2	0F	00	  	  	  	  	  	  	__      	
         310	    	18:14:36	892.655	          0.664		       385	       181	      	  2	33	03	  	  	  	  	  	  	3_      	
         311	    	18:14:36	892.807	          0.152		       641	       281	      	  3	33	03	00	  	  	  	  	  	3__     	
         312	    	18:14:37	476.384	        583.577		      1537	       601	      	  5	2F	60	60	00	01	  	  	  	/``__   	
         313	    	18:14:37	476.869	          0.485		      1409	       581	      	  8	60	60	60	00	00	00	00	00	```_____	
         314	    	18:14:38	531.549	       1054.680		       513	       201	      	  2	0F	00	  	  	  	  	  	  	__      	
         315	    	18:14:39	004.864	        473.315		       385	       181	      	  2	33	86	  	  	  	  	  	  	3†      	
         316	    	18:14:39	005.021	          0.157		       641	       281	      	  3	33	86	01	  	  	  	  	  	3†_     	
         317	    	18:14:39	034.688	         29.667		       385	       181	      	  2	37	86	  	  	  	  	  	  	7†      	
         318	    	18:14:39	034.836	          0.148		       641	       281	      	  3	37	86	01	  	  	  	  	  	7†_     	
         319	    	18:14:44	443.670	       5408.834		       513	       201	      	  2	1F	00	  	  	  	  	  	  	__      	
         320	    	18:14:44	444.904	          1.234		       385	       181	      	  2	37	92	  	  	  	  	  	  	7’      	
         321	    	18:14:44	445.056	          0.152		       641	       281	      	  3	37	92	01	  	  	  	  	  	7’_     	
         322	    	18:14:53	102.972	       8657.916		       385	       181	      	  2	37	96	  	  	  	  	  	  	7–      	
         323	    	18:14:53	103.120	          0.148		       641	       281	      	  3	37	96	01	  	  	  	  	  	7–_     	
         324	    	18:14:57	843.666	       4740.546		       513	       201	      	  2	0F	00	  	  	  	  	  	  	__      	
         325	    	18:14:57	844.622	          0.956		       385	       181	      	  2	37	86	  	  	  	  	  	  	7†      	
         326	    	18:14:57	844.770	          0.148		       641	       281	      	  3	37	86	01	  	  	  	  	  	7†_     	
         327	    	18:14:58	283.784	        439.014		       513	       201	      	  2	1F	00	  	  	  	  	  	  	__      	
         328	    	18:14:58	284.976	          1.192		       385	       181	      	  2	37	96	  	  	  	  	  	  	7–      	
         329	    	18:14:58	285.124	          0.148		       641	       281	      	  3	37	96	01	  	  	  	  	  	7–_     	
         330	    	18:14:59	916.722	       1631.598		       513	       201	      	  2	0F	00	  	  	  	  	  	  	__      	
         331	    	18:14:59	917.309	          0.587		       385	       181	      	  2	37	86	  	  	  	  	  	  	7†      	
         332	    	18:14:59	917.454	          0.145		       641	       281	      	  3	37	86	01	  	  	  	  	  	7†_     	
         333	    	18:15:00	468.916	        551.462		       513	       201	      	  2	1F	00	  	  	  	  	  	  	__      	
         334	    	18:15:00	469.925	          1.009		       385	       181	      	  2	37	96	  	  	  	  	  	  	7–      	
         335	    	18:15:00	470.073	          0.148		       641	       281	      	  3	37	96	01	  	  	  	  	  	7–_     	
         336	    	18:15:01	891.791	       1421.718		      1537	       601	      	  8	23	7A	60	00	D0	07	00	00	#z`_Ð___	
         337	    	18:15:01	892.317	          0.526		      1409	       581	      	  8	60	7A	60	00	00	00	00	00	`z`_____	
         338	    	18:15:06	532.055	       4639.738		       513	       201	      	  2	0F	00	  	  	  	  	  	  	__      	
         339	    	18:15:06	532.901	          0.846		       385	       181	      	  2	37	86	  	  	  	  	  	  	7†      	
         340	    	18:15:06	533.049	          0.148		       641	       281	      	  3	37	86	01	  	  	  	  	  	7†_     	
         341	    	18:15:07	051.989	        518.940		       513	       201	      	  2	1F	00	  	  	  	  	  	  	__      	
         342	    	18:15:07	054.013	          2.024		       385	       181	      	  2	37	92	  	  	  	  	  	  	7’      	
         343	    	18:15:07	054.163	          0.150		       641	       281	      	  3	37	92	01	  	  	  	  	  	7’_     	
         344	    	18:15:08	731.617	       1677.454		       513	       201	      	  2	2F	00	  	  	  	  	  	  	/_      	
         345	    	18:15:08	732.311	          0.694		       385	       181	      	  2	37	82	  	  	  	  	  	  	7‚      	
         346	    	18:15:08	732.463	          0.152		       641	       281	      	  3	37	82	01	  	  	  	  	  	7‚_     	
         347	    	18:15:09	547.135	        814.672		       513	       201	      	  2	3F	00	  	  	  	  	  	  	?_      	
         348	    	18:15:09	549.017	          1.882		       385	       181	      	  2	37	92	  	  	  	  	  	  	7’      	
         349	    	18:15:09	549.168	          0.151		       641	       281	      	  3	37	92	01	  	  	  	  	  	7’_     	
         350	    	18:15:11	053.713	       1504.545		       641	       281	      	  3	37	96	01	  	  	  	  	  	7–_     	
         351	    	18:15:11	054.019	          0.306		       385	       181	      	  2	37	96	  	  	  	  	  	  	7–      	
         352	    	18:15:16	893.057	       5839.038		      1537	       601	      	  8	23	7A	60	00	A0	0F	00	00	#z`_ ___	
         353	    	18:15:16	893.917	          0.860		      1409	       581	      	  8	60	7A	60	00	00	00	00	00	`z`_____	
         354	    	18:15:18	371.995	       1478.078		       513	       201	      	  2	0F	00	  	  	  	  	  	  	__      	
         355	    	18:15:18	372.901	          0.906		       385	       181	      	  2	37	86	  	  	  	  	  	  	7†      	
         356	    	18:15:18	373.049	          0.148		       641	       281	      	  3	37	86	01	  	  	  	  	  	7†_     	
         357	    	18:15:18	875.937	        502.888		       513	       201	      	  2	1F	00	  	  	  	  	  	  	__      	
         358	    	18:15:18	877.934	          1.997		       385	       181	      	  2	37	92	  	  	  	  	  	  	7’      	
         359	    	18:15:18	878.084	          0.150		       641	       281	      	  3	37	92	01	  	  	  	  	  	7’_     	
         360	    	18:15:19	612.042	        733.958		       513	       201	      	  2	2F	00	  	  	  	  	  	  	/_      	
         361	    	18:15:19	613.048	          1.006		       385	       181	      	  2	37	82	  	  	  	  	  	  	7‚      	
         362	    	18:15:19	613.198	          0.150		       641	       281	      	  3	37	82	01	  	  	  	  	  	7‚_     	
         363	    	18:15:20	211.960	        598.762		       513	       201	      	  2	3F	00	  	  	  	  	  	  	?_      	
         364	    	18:15:20	214.028	          2.068		       385	       181	      	  2	37	92	  	  	  	  	  	  	7’      	
         365	    	18:15:20	214.178	          0.150		       641	       281	      	  3	37	92	01	  	  	  	  	  	7’_     	
         366	    	18:15:21	323.458	       1109.280		      1537	       601	      	  8	23	7A	60	00	A0	0F	00	00	#z`_ ___	
         367	    	18:15:21	323.857	          0.399		      1409	       581	      	  8	60	7A	60	00	00	00	00	00	`z`_____	
         368	    	18:15:22	348.342	       1024.485		       513	       201	      	  2	2F	00	  	  	  	  	  	  	/_      	
         369	    	18:15:22	349.120	          0.778		       385	       181	      	  2	37	82	  	  	  	  	  	  	7‚      	
         370	    	18:15:22	349.270	          0.150		       641	       281	      	  3	37	82	01	  	  	  	  	  	7‚_     	
         371	    	18:15:22	731.834	        382.564		       513	       201	      	  2	3F	00	  	  	  	  	  	  	?_      	
         372	    	18:15:22	732.946	          1.112		       385	       181	      	  2	37	92	  	  	  	  	  	  	7’      	
         373	    	18:15:22	733.097	          0.151		       641	       281	      	  3	37	92	01	  	  	  	  	  	7’_     	
         374	    	18:15:22	882.021	        148.924		       385	       181	      	  2	37	96	  	  	  	  	  	  	7–      	
         375	    	18:15:22	882.169	          0.148		       641	       281	      	  3	37	96	01	  	  	  	  	  	7–_     	
         376	    	18:15:28	292.729	       5410.560		      1537	       601	      	  8	23	7A	60	00	D0	07	00	00	#z`_Ð___	
         377	    	18:15:28	293.433	          0.704		      1409	       581	      	  8	60	7A	60	00	00	00	00	00	`z`_____	
         378	    	18:15:29	700.205	       1406.772		       513	       201	      	  2	0F	00	  	  	  	  	  	  	__      	
         379	    	18:15:29	701.145	          0.940		       385	       181	      	  2	37	86	  	  	  	  	  	  	7†      	
         380	    	18:15:29	701.293	          0.148		       641	       281	      	  3	37	86	01	  	  	  	  	  	7†_     	
         381	    	18:15:30	227.502	        526.209		       513	       201	      	  2	1F	00	  	  	  	  	  	  	__      	
         382	    	18:15:30	229.029	          1.527		       385	       181	      	  2	37	92	  	  	  	  	  	  	7’      	
         383	    	18:15:30	229.179	          0.150		       641	       281	      	  3	37	92	01	  	  	  	  	  	7’_     	
         384	    	18:15:31	155.415	        926.236		      1537	       601	      	  8	23	7A	60	00	A0	0F	00	00	#z`_ ___	
         385	    	18:15:31	155.959	          0.544		      1409	       581	      	  8	60	7A	60	00	00	00	00	00	`z`_____	
         386	    	18:15:31	948.483	        792.524		       513	       201	      	  2	2F	00	  	  	  	  	  	  	/_      	
         387	    	18:15:31	949.154	          0.671		       385	       181	      	  2	37	82	  	  	  	  	  	  	7‚      	
         388	    	18:15:31	949.304	          0.150		       641	       281	      	  3	37	82	01	  	  	  	  	  	7‚_     	
         389	    	18:15:32	492.022	        542.718		       513	       201	      	  2	3F	00	  	  	  	  	  	  	?_      	
         390	    	18:15:32	493.956	          1.934		       385	       181	      	  2	37	92	  	  	  	  	  	  	7’      	
         391	    	18:15:32	494.106	          0.150		       641	       281	      	  3	37	92	01	  	  	  	  	  	7’_     	
         392	    	18:15:34	762.832	       2268.726		       385	       181	      	  2	37	96	  	  	  	  	  	  	7–      	
         393	    	18:15:34	762.980	          0.148		       641	       281	      	  3	37	96	01	  	  	  	  	  	7–_     	
         394	    	18:15:39	876.476	       5113.496		      1537	       601	      	  8	23	7A	60	00	D0	07	00	00	#z`_Ð___	
         395	    	18:15:39	877.058	          0.582		      1409	       581	      	  8	60	7A	60	00	00	00	00	00	`z`_____	
         396	    	18:15:40	931.820	       1054.762		       513	       201	      	  2	0F	00	  	  	  	  	  	  	__      	
         397	    	18:15:40	932.940	          1.120		       385	       181	      	  2	37	86	  	  	  	  	  	  	7†      	
         398	    	18:15:40	933.088	          0.148		       641	       281	      	  3	37	86	01	  	  	  	  	  	7†_     	
         399	    	18:15:41	372.230	        439.142		       513	       201	      	  2	1F	00	  	  	  	  	  	  	__      	
         400	    	18:15:41	373.958	          1.728		       385	       181	      	  2	37	92	  	  	  	  	  	  	7’      	
         401	    	18:15:41	374.108	          0.150		       641	       281	      	  3	37	92	01	  	  	  	  	  	7’_     	
         402	    	18:15:42	508.114	       1134.006		      1537	       601	      	  8	23	7A	60	00	A0	0F	00	00	#z`_ ___	
         403	    	18:15:42	508.771	          0.657		      1409	       581	      	  8	60	7A	60	00	00	00	00	00	`z`_____	
         404	    	18:15:43	444.050	        935.279		       513	       201	      	  2	2F	00	  	  	  	  	  	  	/_      	
         405	    	18:15:43	444.831	          0.781		       385	       181	      	  2	37	82	  	  	  	  	  	  	7‚      	
         406	    	18:15:43	444.981	          0.150		       641	       281	      	  3	37	82	01	  	  	  	  	  	7‚_     	
         407	    	18:15:44	267.790	        822.809		       513	       201	      	  2	3F	00	  	  	  	  	  	  	?_      	
         408	    	18:15:44	268.959	          1.169		       385	       181	      	  2	37	92	  	  	  	  	  	  	7’      	
         409	    	18:15:44	269.109	          0.150		       641	       281	      	  3	37	92	01	  	  	  	  	  	7’_     	
         410	    	18:15:47	167.841	       2898.732		       385	       181	      	  2	37	96	  	  	  	  	  	  	7–      	
         411	    	18:15:47	167.990	          0.149		       641	       281	      	  3	37	96	01	  	  	  	  	  	7–_     	
         412	    	18:15:51	067.583	       3899.593		      1537	       601	      	  8	23	7A	60	00	D0	07	00	00	#z`_Ð___	
         413	    	18:15:51	067.984	          0.401		      1409	       581	      	  8	60	7A	60	00	00	00	00	00	`z`_____	
         414	    	18:15:52	331.910	       1263.926		       513	       201	      	  2	0F	00	  	  	  	  	  	  	__      	
         415	    	18:15:52	332.730	          0.820		       385	       181	      	  2	37	86	  	  	  	  	  	  	7†      	
         416	    	18:15:52	332.878	          0.148		       641	       281	      	  3	37	86	01	  	  	  	  	  	7†_     	
         417	    	18:15:52	939.914	        607.036		       513	       201	      	  2	1F	00	  	  	  	  	  	  	__      	
         418	    	18:15:52	942.054	          2.140		       385	       181	      	  2	37	92	  	  	  	  	  	  	7’      	
         419	    	18:15:52	942.202	          0.148		       641	       281	      	  3	37	92	01	  	  	  	  	  	7’_     	
         420	    	18:15:54	181.386	       1239.184		      1537	       601	      	  8	23	7A	60	00	A0	0F	00	00	#z`_ ___	
         421	    	18:15:54	182.250	          0.864		      1409	       581	      	  8	60	7A	60	00	00	00	00	00	`z`_____	
         422	    	18:15:54	980.496	        798.246		       513	       201	      	  2	2F	00	  	  	  	  	  	  	/_      	
         423	    	18:15:54	981.252	          0.756		       385	       181	      	  2	37	82	  	  	  	  	  	  	7‚      	
         424	    	18:15:54	981.402	          0.150		       641	       281	      	  3	37	82	01	  	  	  	  	  	7‚_     	
         425	    	18:15:55	499.636	        518.234		       513	       201	      	  2	3F	00	  	  	  	  	  	  	?_      	
         426	    	18:15:55	500.974	          1.338		       385	       181	      	  2	37	92	  	  	  	  	  	  	7’      	
         427	    	18:15:55	501.125	          0.151		       641	       281	      	  3	37	92	01	  	  	  	  	  	7’_     	
         428	    	18:15:58	063.753	       2562.628		       385	       181	      	  2	37	96	  	  	  	  	  	  	7–      	
         429	    	18:15:58	063.901	          0.148		       641	       281	      	  3	37	96	01	  	  	  	  	  	7–_     	
