601 23 0016 01 10004060 
601 23 0116 01 10004160 
601 23 0216 01 20018f60 
601 23 0316 01 20028f60 
601 23 001a 01 10004060 
601 23 011a 01 10004060 
601 23 021a 01 10004060 
601 23 031a 01 10004060 


000 81 01
000 80 01
001 dadadadada
001 eadaedaeda

041 4585
041 458555
041 45855547
081 0073 11 00
101 121212
121 121212
141 586325
161 205866
181 2055
201 30dd
281 1296ff
301 1299
381 eadaedaeda
401 69 55
481 6950
501 4588
581 60 8160 00 4585
701 05

//AXIS 10
60a 23 0016 01 10004060 
60a 23 0116 01 10004160 
60a 23 0216 01 20018f60 
60a 23 0316 01 20028f60 
60a 23 001a 01 10004060 
60a 23 011a 01 10004060 
60a 23 021a 01 10004060 
60a 23 031a 01 10004060 


000 81 0A
000 80 0A
00a dadadadada
00a eadaedaeda

04a 4585
04a 458555
04a 45855547
08a 0073 11 00
10a 121212
12a 121212
14a 586325
16a 205866
18a 2055
20a 30dd
28a 1296ff
30a 1299
38a eadaedaeda
40a 69 55
48a 6950
50a 4588
58a 60 8160 00 4585



//AXIS 5
605 23 0016 01 10004060 
605 23 0116 01 10004160 
605 23 0216 01 20018f60 
605 23 0316 01 20028f60 
605 23 001a 01 10004060 
605 23 011a 01 10004060 
605 23 021a 01 10004060 
605 23 031a 01 10004060 


000 81 05
000 80 05
005 dadadadada
005 eadaedaeda

045 4585
045 458555
045 45855547
085 0073 11 00
105 121212
125 121212
145 586325
165 205866
185 2055
205 30dd
285 1296ff
305 1299
385 eadaedaeda
405 69 55
485 6950
505 4588
585 60 8160 00 4585
//All axes
020 5484848
080
080 0101
100 45 44 44 5
200 
200 
200 1255

000 81 00